6219
29342
1689
10893
4670
11574
11645
4888
2476
10056
2544
7243
7185
8376
266
3669
7713
9759
1451
49371
9068
9753
11913
48314
4261
51283
23770
29669
11463
45001
13650
29682
45747
3871
45796
11513
1602
13577
3116
13810
10276
44897
1632
27110
7628
22439
15353
13558
7294
14274
6846
4749
9214
26118
9774
6653
10086
4392
1885
29561
5954
447
15186
5047
8659
45323
15030
5989
11688
24549
29045
6296
29722
11916
48797
8971
15362
6906
8785
9514
4684
23516
8763
11037
4353
51191
3874
50913
13257
28662
688
50765
9117
10478
1842
4713
15404
8185
14440
9464
